Ts = 0.01;
alpha = 0.98;