% Simscape(TM) Multibody(TM) version: 26.2%%%%% Do not add code to this file. Do not edit the physical units shown in comments.

%%%VariableName:smiData

%============= RigidTransform%
%Initialize the RigidTransform structure array by filling in null values.
smiData.RigidTransform(24).translation = [0.0 0.0 0.0];
smiData.RigidTransform(24).angle = 0.0;
smiData.RigidTransform(24).axis = [0.0 0.0 0.0];
smiData.RigidTransform(24).ID = "";

%%Rotation Method - Arbitrary Axis
smiData.RigidTransform(1).translation = [70.163024092989019 19.220000000000002 -122.66400037782921];  % mm
smiData.RigidTransform(1).angle = 2.0943951023931953;  % rad
smiData.RigidTransform(1).axis = [-0.57735026918962584 -0.57735026918962584 -0.57735026918962584];
smiData.RigidTransform(1).ID = "B[DronPiojo-1:-:Eje Helices-1]";

%%Rotation Method - Arbitrary Axis
smiData.RigidTransform(2).translation = [-8.0692121148828162e-14 -6.4699999999999953 -8.7610821842952267e-14];  % mm
smiData.RigidTransform(2).angle = 2.0943951023931953;  % rad
smiData.RigidTransform(2).axis = [-0.57735026918962584 -0.57735026918962584 -0.57735026918962584];
smiData.RigidTransform(2).ID = "F[DronPiojo-1:-:Eje Helices-1]";

%%Rotation Method - Arbitrary Axis
smiData.RigidTransform(3).translation = [0 1.1000000000000003 0];  % mm
smiData.RigidTransform(3).angle = 2.0943951023931953;  % rad
smiData.RigidTransform(3).axis = [0.57735026918962584 -0.57735026918962584 0.57735026918962584];
smiData.RigidTransform(3).ID = "B[Helice-1:-:Eje Helices-1]";

%%Rotation Method - Arbitrary Axis
smiData.RigidTransform(4).translation = [-6.6750000000001215 -2.3999999999999808 9.5923269327613525e-14];  % mm
smiData.RigidTransform(4).angle = 2.0943951023931957;  % rad
smiData.RigidTransform(4).axis = [-0.57735026918962595 -0.57735026918962573 -0.57735026918962551];
smiData.RigidTransform(4).ID = "F[Helice-1:-:Eje Helices-1]";

%%Rotation Method - Arbitrary Axis
smiData.RigidTransform(5).translation = [6.6749999999999865 1.3019999999999976 0];  % mm
smiData.RigidTransform(5).angle = 2.0943951023931953;  % rad
smiData.RigidTransform(5).axis = [0.57735026918962584 -0.57735026918962584 0.57735026918962584];
smiData.RigidTransform(5).ID = "B[Eje Helices-1:-:Helice-2]";

%%Rotation Method - Arbitrary Axis
smiData.RigidTransform(6).translation = [2.8731998909611499e-13 -2.4019999999999735 -7.7195590951172748e-14];  % mm
smiData.RigidTransform(6).angle = 2.0943951023931948;  % rad
smiData.RigidTransform(6).axis = [-0.57735026918962551 -0.57735026918962673 -0.57735026918962495];
smiData.RigidTransform(6).ID = "F[Eje Helices-1:-:Helice-2]";

%%Rotation Method - Arbitrary Axis
smiData.RigidTransform(7).translation = [70.163024092989076 19.220000000000002 16.671295384575568];  % mm
smiData.RigidTransform(7).angle = 2.0943951023931953;  % rad
smiData.RigidTransform(7).axis = [-0.57735026918962584 -0.57735026918962584 -0.57735026918962584];
smiData.RigidTransform(7).ID = "B[DronPiojo-1:-:Eje Helices-2]";

%%Rotation Method - Arbitrary Axis
smiData.RigidTransform(8).translation = [1.2503875301229011e-14 -6.4700000000000024 -6.9945427984006165e-14];  % mm
smiData.RigidTransform(8).angle = 2.0943951023931957;  % rad
smiData.RigidTransform(8).axis = [-0.57735026918962584 -0.57735026918962573 -0.57735026918962573];
smiData.RigidTransform(8).ID = "F[DronPiojo-1:-:Eje Helices-2]";

%%Rotation Method - Arbitrary Axis
smiData.RigidTransform(9).translation = [0 1.1000000000000003 0];  % mm
smiData.RigidTransform(9).angle = 2.0943951023931953;  % rad
smiData.RigidTransform(9).axis = [0.57735026918962584 -0.57735026918962584 0.57735026918962584];
smiData.RigidTransform(9).ID = "B[Helice-3:-:Eje Helices-2]";

%%Rotation Method - Arbitrary Axis
smiData.RigidTransform(10).translation = [-6.6749999999968583 -2.3999999999999737 3.9806380414120213e-11];  % mm
smiData.RigidTransform(10).angle = 2.0943951023931953;  % rad
smiData.RigidTransform(10).axis = [-0.57735026918962584 -0.57735026918962584 -0.57735026918962584];
smiData.RigidTransform(10).ID = "F[Helice-3:-:Eje Helices-2]";

%%Rotation Method - Arbitrary Axis
smiData.RigidTransform(11).translation = [6.6749999999999865 1.3019999999999994 0];  % mm
smiData.RigidTransform(11).angle = 2.0943951023931953;  % rad
smiData.RigidTransform(11).axis = [0.57735026918962584 -0.57735026918962584 0.57735026918962584];
smiData.RigidTransform(11).ID = "B[Eje Helices-2:-:Helice-4]";

%%Rotation Method - Arbitrary Axis
smiData.RigidTransform(12).translation = [1.4895904645644966e-11 -2.4019999999999797 3.6795211386926908e-11];  % mm
smiData.RigidTransform(12).angle = 2.0943951023931948;  % rad
smiData.RigidTransform(12).axis = [-0.57735026918962562 -0.57735026918962673 -0.57735026918962495];
smiData.RigidTransform(12).ID = "F[Eje Helices-2:-:Helice-4]";

%%Rotation Method - Arbitrary Axis
smiData.RigidTransform(13).translation = [-70.163024092989133 19.220000000000002 -122.66400037782921];  % mm
smiData.RigidTransform(13).angle = 2.0943951023931953;  % rad
smiData.RigidTransform(13).axis = [-0.57735026918962584 -0.57735026918962584 -0.57735026918962584];
smiData.RigidTransform(13).ID = "B[DronPiojo-1:-:Eje Helices-3]";

%%Rotation Method - Arbitrary Axis
smiData.RigidTransform(14).translation = [-1.611410300872896e-13 -6.4699999999999989 5.7585460180597645e-14];  % mm
smiData.RigidTransform(14).angle = 2.0943951023931957;  % rad
smiData.RigidTransform(14).axis = [-0.57735026918962584 -0.57735026918962573 -0.57735026918962573];
smiData.RigidTransform(14).ID = "F[DronPiojo-1:-:Eje Helices-3]";

%%Rotation Method - Arbitrary Axis
smiData.RigidTransform(15).translation = [0 1.1000000000000003 0];  % mm
smiData.RigidTransform(15).angle = 2.0943951023931953;  % rad
smiData.RigidTransform(15).axis = [0.57735026918962584 -0.57735026918962584 0.57735026918962584];
smiData.RigidTransform(15).ID = "B[Helice-5:-:Eje Helices-3]";

%%Rotation Method - Arbitrary Axis
smiData.RigidTransform(16).translation = [-6.6750000000345961 -2.3999999999999471 -1.7707613153561397e-11];  % mm
smiData.RigidTransform(16).angle = 2.0943951023931957;  % rad
smiData.RigidTransform(16).axis = [-0.57735026918962584 -0.57735026918962573 -0.57735026918962573];
smiData.RigidTransform(16).ID = "F[Helice-5:-:Eje Helices-3]";

%%Rotation Method - Arbitrary Axis
smiData.RigidTransform(17).translation = [6.6750000000000975 1.3019999999999994 0];  % mm
smiData.RigidTransform(17).angle = 2.0943951023931953;  % rad
smiData.RigidTransform(17).axis = [0.57735026918962584 -0.57735026918962584 0.57735026918962584];
smiData.RigidTransform(17).ID = "B[Eje Helices-3:-:Helice-6]";

%%Rotation Method - Arbitrary Axis
smiData.RigidTransform(18).translation = [1.9886296935370605e-11 -2.401999999999946 -3.3281185214791721e-11];  % mm
smiData.RigidTransform(18).angle = 2.0943951023931957;  % rad
smiData.RigidTransform(18).axis = [-0.57735026918962595 -0.57735026918962573 -0.57735026918962551];
smiData.RigidTransform(18).ID = "F[Eje Helices-3:-:Helice-6]";

%%Rotation Method - Arbitrary Axis
smiData.RigidTransform(19).translation = [-70.163024092989076 19.220000000000002 16.671295384575568];  % mm
smiData.RigidTransform(19).angle = 2.0943951023931953;  % rad
smiData.RigidTransform(19).axis = [-0.57735026918962584 -0.57735026918962584 -0.57735026918962584];
smiData.RigidTransform(19).ID = "B[DronPiojo-1:-:Ensamblaje_Helices-1]";

%%Rotation Method - Arbitrary Axis
smiData.RigidTransform(20).translation = [-0.45267447626076773 -5.571212424053269 1003.5000000000093];  % mm
smiData.RigidTransform(20).angle = 2.0943951023931957;  % rad
smiData.RigidTransform(20).axis = [-0.57735026918962584 -0.57735026918962584 -0.57735026918962562];
smiData.RigidTransform(20).ID = "F[DronPiojo-1:-:Ensamblaje_Helices-1]";

%%Rotation Method - Arbitrary Axis
smiData.RigidTransform(21).translation = [-0.45267447625774171 0.89878757594673808 1003.5000000000078];  % mm
smiData.RigidTransform(21).angle = 0;  % rad
smiData.RigidTransform(21).axis = [0 0 0];
