% Simscape(TM) Multibody(TM) version: 26.2%%%%% Do not add code to this file. Do not edit the physical units shown in comments.

%%%VariableName:smiData

%============= RigidTransform%
%Initialize the RigidTransform structure array by filling in null values.
smiData.RigidTransform(24).translation = [0.0 0.0 0.0];
smiData.RigidTransform(24).angle = 0.0;
smiData.RigidTransform(24).axis = [0.0 0.0 0.0];
smiData.RigidTransform(24).ID = "";

%%Rotation Method - Arbitrary Axis
smiData.RigidTransform(1).translation = [70.163024092989019 19.220000000000002 -122.66400037782921];  % mm
smiData.RigidTransform(1).angle = 2.0943951023931953;  % rad
smiData.RigidTransform(1).axis = [-0.57735026918962584 -0.57735026918962584 -0.57735026918962584];
smiData.RigidTransform(1).ID = "B[DronPiojo-1:-:Eje Helices-1]";

%%Rotation Method - Arbitrary Axis
smiData.RigidTransform(2).translation = [-7.1054273576010019e-15 -6.4699999999999989 1.1368683772161603e-13];  % mm
smiData.RigidTransform(2).angle = 2.0943951023931953;  % rad
smiData.RigidTransform(2).axis = [-0.57735026918962584 -0.57735026918962584 -0.57735026918962584];
smiData.RigidTransform(2).ID = "F[DronPiojo-1:-:Eje Helices-1]";

%%Rotation Method - Arbitrary Axis
smiData.RigidTransform(3).translation = [0 1.1000000000000003 0];  % mm
smiData.RigidTransform(3).angle = 2.0943951023931953;  % rad
smiData.RigidTransform(3).axis = [0.57735026918962584 -0.57735026918962584 0.57735026918962584];
smiData.RigidTransform(3).ID = "B[Helice-1:-:Eje Helices-1]";

%%Rotation Method - Arbitrary Axis
smiData.RigidTransform(4).translation = [-6.675000000000054 -2.3999999999999986 0];  % mm
smiData.RigidTransform(4).angle = 2.0943951023931953;  % rad
smiData.RigidTransform(4).axis = [-0.57735026918962584 -0.57735026918962584 -0.57735026918962584];
smiData.RigidTransform(4).ID = "F[Helice-1:-:Eje Helices-1]";

%%Rotation Method - Arbitrary Axis
smiData.RigidTransform(5).translation = [6.6749999999999936 1.3019999999999994 0];  % mm
smiData.RigidTransform(5).angle = 2.0943951023931953;  % rad
smiData.RigidTransform(5).axis = [0.57735026918962584 -0.57735026918962584 0.57735026918962584];
smiData.RigidTransform(5).ID = "B[Eje Helices-1:-:Helice-2]";

%%Rotation Method - Arbitrary Axis
smiData.RigidTransform(6).translation = [3.1037308476820964e-14 -2.4019999999999957 -9.9827038102369387e-15];  % mm
smiData.RigidTransform(6).angle = 2.0943951023931948;  % rad
smiData.RigidTransform(6).axis = [-0.57735026918962551 -0.57735026918962673 -0.57735026918962495];
smiData.RigidTransform(6).ID = "F[Eje Helices-1:-:Helice-2]";

%%Rotation Method - Arbitrary Axis
smiData.RigidTransform(7).translation = [70.163024092989076 19.220000000000002 16.671295384575568];  % mm
smiData.RigidTransform(7).angle = 2.0943951023931953;  % rad
smiData.RigidTransform(7).axis = [-0.57735026918962584 -0.57735026918962584 -0.57735026918962584];
smiData.RigidTransform(7).ID = "B[DronPiojo-1:-:Eje Helices-2]";

%%Rotation Method - Arbitrary Axis
smiData.RigidTransform(8).translation = [-2.2132307838689977e-13 -6.4699999999999989 5.6296244451275282e-14];  % mm
smiData.RigidTransform(8).angle = 2.0943951023931953;  % rad
smiData.RigidTransform(8).axis = [-0.57735026918962584 -0.57735026918962584 -0.57735026918962584];
smiData.RigidTransform(8).ID = "F[DronPiojo-1:-:Eje Helices-2]";

%%Rotation Method - Arbitrary Axis
smiData.RigidTransform(9).translation = [0 1.1000000000000003 0];  % mm
smiData.RigidTransform(9).angle = 2.0943951023931953;  % rad
smiData.RigidTransform(9).axis = [0.57735026918962584 -0.57735026918962584 0.57735026918962584];
smiData.RigidTransform(9).ID = "B[Helice-3:-:Eje Helices-2]";

%%Rotation Method - Arbitrary Axis
smiData.RigidTransform(10).translation = [-6.6749999999999901 -2.4000000000000021 -4.1922021409845911e-13];  % mm
smiData.RigidTransform(10).angle = 2.0943951023931957;  % rad
smiData.RigidTransform(10).axis = [-0.57735026918962584 -0.57735026918962573 -0.57735026918962573];
smiData.RigidTransform(10).ID = "F[Helice-3:-:Eje Helices-2]";

%%Rotation Method - Arbitrary Axis
smiData.RigidTransform(11).translation = [6.6749999999999865 1.3019999999999994 0];  % mm
smiData.RigidTransform(11).angle = 2.0943951023931953;  % rad
smiData.RigidTransform(11).axis = [0.57735026918962584 -0.57735026918962584 0.57735026918962584];
smiData.RigidTransform(11).ID = "B[Eje Helices-2:-:Helice-4]";

%%Rotation Method - Arbitrary Axis
smiData.RigidTransform(12).translation = [3.6373104677416137e-13 -2.4019999999999975 3.3721433683977175e-13];  % mm
smiData.RigidTransform(12).angle = 2.0943951023931944;  % rad
smiData.RigidTransform(12).axis = [-0.57735026918962562 -0.57735026918962662 -0.57735026918962506];
smiData.RigidTransform(12).ID = "F[Eje Helices-2:-:Helice-4]";

%%Rotation Method - Arbitrary Axis
smiData.RigidTransform(13).translation = [-70.163024092989133 19.220000000000002 -122.66400037782921];  % mm
smiData.RigidTransform(13).angle = 2.0943951023931953;  % rad
smiData.RigidTransform(13).axis = [-0.57735026918962584 -0.57735026918962584 -0.57735026918962584];
smiData.RigidTransform(13).ID = "B[DronPiojo-1:-:Eje Helices-3]";

%%Rotation Method - Arbitrary Axis
smiData.RigidTransform(14).translation = [1.5452174774735391e-14 -6.4699999999999971 3.4100652827583393e-13];  % mm
smiData.RigidTransform(14).angle = 2.0943951023931953;  % rad
smiData.RigidTransform(14).axis = [-0.57735026918962584 -0.57735026918962584 -0.57735026918962584];
smiData.RigidTransform(14).ID = "F[DronPiojo-1:-:Eje Helices-3]";

%%Rotation Method - Arbitrary Axis
smiData.RigidTransform(15).translation = [0 1.1000000000000003 0];  % mm
smiData.RigidTransform(15).angle = 2.0943951023931953;  % rad
smiData.RigidTransform(15).axis = [0.57735026918962584 -0.57735026918962584 0.57735026918962584];
smiData.RigidTransform(15).ID = "B[Helice-5:-:Eje Helices-3]";

%%Rotation Method - Arbitrary Axis
smiData.RigidTransform(16).translation = [-6.675000000000094 -2.4000000000000004 -2.3248070135650778e-13];  % mm
smiData.RigidTransform(16).angle = 2.0943951023931953;  % rad
smiData.RigidTransform(16).axis = [-0.57735026918962584 -0.57735026918962584 -0.57735026918962584];
smiData.RigidTransform(16).ID = "F[Helice-5:-:Eje Helices-3]";

%%Rotation Method - Arbitrary Axis
smiData.RigidTransform(17).translation = [6.6750000000000007 1.3020000000000012 0];  % mm
smiData.RigidTransform(17).angle = 2.0943951023931953;  % rad
smiData.RigidTransform(17).axis = [0.57735026918962584 -0.57735026918962584 0.57735026918962584];
smiData.RigidTransform(17).ID = "B[Eje Helices-3:-:Helice-6]";

%%Rotation Method - Arbitrary Axis
smiData.RigidTransform(18).translation = [1.0823606624021768e-13 -2.402000000000001 2.0014311963989193e-13];  % mm
smiData.RigidTransform(18).angle = 2.0943951023931953;  % rad
smiData.RigidTransform(18).axis = [-0.57735026918962562 -0.57735026918962562 -0.57735026918962595];
smiData.RigidTransform(18).ID = "F[Eje Helices-3:-:Helice-6]";

%%Rotation Method - Arbitrary Axis
smiData.RigidTransform(19).translation = [-70.163024092989076 19.220000000000002 16.671295384575568];  % mm
smiData.RigidTransform(19).angle = 2.0943951023931953;  % rad
smiData.RigidTransform(19).axis = [-0.57735026918962584 -0.57735026918962584 -0.57735026918962584];
smiData.RigidTransform(19).ID = "B[DronPiojo-1:-:Ensamblaje_Helices-1]";

%%Rotation Method - Arbitrary Axis
smiData.RigidTransform(20).translation = [-0.45267447625724344 -5.5712124240532628 1003.5000000000114];  % mm
smiData.RigidTransform(20).angle = 2.0943951023931957;  % rad
smiData.RigidTransform(20).axis = [-0.57735026918962584 -0.57735026918962573 -0.57735026918962573];
smiData.RigidTransform(20).ID = "F[DronPiojo-1:-:Ensamblaje_Helices-1]";

%%Rotation Method - Arbitrary Axis
smiData.RigidTransform(21).translation = [6.2223255237427448 -0.201212424054905 1003.5000000000078];  % mm
smiData.RigidTransform(21).angle = 3.1415926535897918;  % rad
